1,97.8955391708,1.65310049805,0.140675349111,0.0330001618794,0.276632241289,0.00105257885449
2,97.9852654335,1.55776244033,0.140463716283,0.0305974970834,0.28482388641,0.00108702641627
3,97.8090845523,1.73789969548,0.148618251407,0.0303159717474,0.272921512221,0.00116001687533
4,97.7271484925,1.82522118975,0.15236630252,0.0330784909832,0.260919852971,0.00126567131994
5,97.4172165479,2.06712449008,0.192050229459,0.0328963959862,0.289324445868,0.00138789075472
6,97.4485261791,2.0348356215,0.18818954277,0.0343807818523,0.292815690491,0.00125218426536
7,97.5226171486,1.98252599697,0.167849888943,0.037205847706,0.288618162605,0.00118295515783
8,97.3618556696,2.1197755947,0.178796476171,0.0400284737978,0.298330324106,0.00121346160726
9,97.4428602133,2.06213074505,0.170297462235,0.0337356997388,0.289400671949,0.0015752077699
10,97.4650404833,2.04732102523,0.170349392002,0.0326259296914,0.283320452149,0.00134271764082
11,97.5849392185,1.9300794804,0.171854009542,0.0308605215587,0.281170279979,0.00109648998432
12,97.5230519338,1.96640577474,0.17818996341,0.0313273169824,0.299726429613,0.0012985814496
