1,97.8355844876,1.61840901586,0.119510844247,0.154494250821,0.269869092472,0.00213230903074
2,97.9895915668,1.49687082904,0.118794619915,0.136630254569,0.256740207861,0.00137252178503
3,97.7975931413,1.68512492218,0.128104642389,0.125584072283,0.262272620926,0.00132060096232
4,97.8113204648,1.68678671486,0.145313176457,0.0964691905331,0.259024148297,0.00108630508428
5,97.6970609831,1.82337612746,0.163979315192,0.052512142942,0.26193214043,0.00113929088178
6,97.7389469723,1.7880334837,0.153869890319,0.0441376440914,0.273774375567,0.00123763400256
7,97.7904705754,1.74775365775,0.153445271826,0.0422940495058,0.264603730082,0.00143271544947
8,97.5832305208,1.89331472387,0.164881142354,0.0452295776191,0.31195467674,0.00138935862442
9,97.6068646602,1.9080714657,0.159892475145,0.0362876539337,0.287459171074,0.00142457391419
10,97.6411406417,1.88263526134,0.160128102482,0.0330416719086,0.281920931866,0.0011333906829
11,97.8297642615,1.7133546115,0.152608762672,0.0310582704303,0.272185536228,0.00102855762445
12,97.6425075322,1.84468102179,0.178734566428,0.0329409881738,0.299847456454,0.00128843500028
